State Space Analysis Report
==========================

Number of unique states: 89
Average state representation length: 94.18 features
Range of Q-values: [-215.0675, 395.3075]
Average max Q-value: 39.4399

Top 10 preferred passes:
1. host-offloader: preferred in 16 states (17.98%)
2. constant_folding: preferred in 12 states (13.48%)
3. algsimp: preferred in 12 states (13.48%)
4. bfloat16-propagation: preferred in 8 states (8.99%)
5. dce: preferred in 4 states (4.49%)
6. broadcast_canonicalizer: preferred in 1 states (1.12%)
7. conditional-canonicalizer: preferred in 1 states (1.12%)
8. all-gather-bcast-reorder: preferred in 1 states (1.12%)
9. all-reduce-combiner: preferred in 1 states (1.12%)
10. rng-expander: preferred in 1 states (1.12%)

Sample state representations:
State 1: (8.0, 7.0, 0.25, 48.4, 48.0, 77.0, 20.0, 18.6, 35.0, 55.0, 0.1, 0.0, 0.25, 0.4, 0.0, 0.0, 0.0, 0.25, 7.0, 4.0, 16.0, 4.0, 5.2, 4.0, 7.0, 0.75, 0.0, 0.0, 0.0, 0.0, 0.0, 0.0, 0.25, 0.4, 0.0, 1.0, 0.0, 0.4, 0.0, 1.0, 0.6, 0.0, 0.0, 0.0, 0.0, 0.0, 0.0, 0.4, 0.1, 0.0, 1.0, 0.0, 0.4, 0.0, 0.0, 0.9, 0.0, 0.0, 0.0, 0.0, 0.0, 0.0, 0.1, 0.1, 0.0, 1.0, 0.0, 0.4, 0.0, 0.0, 0.9, 0.0, 0.0, 0.0, 0.0, 0.0, 0.0, 0.1, 1.0, 0.0, 0.5, 0.4, 0.0, 0.0, 0.1, 0.2, 0.0, 0.6, 0.0, 0.1, 0.0, 0.5, 0.25, 0.0, 0.125, 48.0, 35.0, 20.0, 4.0, 16.0, 0.0, 1.0)
State 2: (7.0, 6.0, 0.3, 50.3, 48.0, 77.0, 20.0, 19.0, 41.6, 62.0, 0.15, 0.0, 0.15, 0.45, 0.0, 0.0, 0.0, 0.3, 7.4, 4.0, 16.0, 4.0, 5.4, 4.0, 10.0, 0.7, 0.0, 0.0, 0.0, 0.0, 0.0, 0.0, 0.3, 0.4, 0.0, 1.0, 0.0, 0.4, 0.0, 1.0, 0.55, 0.0, 0.0, 0.0, 0.0, 0.0, 0.0, 0.45, 0.1, 0.0, 1.0, 0.0, 0.4, 0.0, 0.0, 0.85, 0.0, 0.0, 0.0, 0.0, 0.0, 0.0, 0.15, 0.1, 0.0, 1.0, 0.0, 0.4, 0.0, 0.0, 0.85, 0.0, 0.0, 0.0, 0.0, 0.0, 0.0, 0.15, 1.0, 0.0, 0.6, 0.3, 0.0, 0.0, 0.1, 0.1, 0.0, 0.0, 0.0, 0.9, 0.0, 0.5714285714285714, 0.14285714285714285, 0.14285714285714285, 0.14285714285714285, 48.0, 20.0, 35.0, 4.0, 16.0, 0.0, 1.0)
State 3: (23.0, 30.0, 0.1, 28.1, 20.0, 76.0, 1.0, 21.6, 10.0, 41.0, 0.35, 0.0, 0.3, 0.0, 0.15, 0.05, 0.0, 0.15, 62.4, 64.0, 448.0, 4.0, 86.6, 4.0, 64.0, 0.3, 0.65, 0.0, 0.0, 0.0, 0.0, 0.0, 0.05, 0.0, 0.0, 0.0, 0.0, 0.0, 0.0, 0.0, 0.3, 0.0, 1.0, 0.0, 0.4, 0.0, 1.0, 0.7, 0.0, 0.0, 0.0, 0.0, 0.0, 0.0, 0.3, 0.0, 0.0, 1.0, 0.0, 0.2, 0.0, 0.0, 0.95, 0.0, 0.0, 0.0, 0.0, 0.0, 0.0, 0.05, 1.0, 0.0, 0.6, 0.3, 0.0, 0.0, 0.0, 0.1, 0.7, 0.1, 0.0, 0.1, 0.0, 0.30434782608695654, 0.08695652173913043, 0.13043478260869565, 0.34782608695652173, 10.0, 20.0, 41.0, 64.0, 4.0, 448.0, 0.0)
State 4: (58.0, 70.0, 0.05, 24.6, 10.0, 76.0, 1.0, 20.8, 10.0, 41.0, 0.55, 0.0, 0.15, 0.0, 0.15, 0.0, 0.1, 0.05, 35.4, 4.0, 448.0, 4.0, 62.0, 4.0, 64.0, 0.6, 0.4, 0.0, 0.0, 0.0, 0.0, 0.0, 0.0, 0.0, 0.0, 0.0, 0.0, 0.0, 0.0, 0.0, 0.1, 0.0, 1.0, 0.0, 0.4, 0.0, 0.0, 0.85, 0.0, 0.0, 0.0, 0.0, 0.0, 0.0, 0.15, 0.0, 0.0, 1.0, 0.0, 0.2, 0.0, 0.0, 1.0, 0.0, 0.0, 0.0, 0.0, 0.0, 0.0, 0.0, 1.0, 0.0, 0.7, 0.2, 0.0, 0.0, 0.0, 0.8, 0.1, 0.0, 0.1, 0.0, 0.0, 0.13793103448275862, 0.15517241379310345, 0.5344827586206896, 0.13793103448275862, 10.0, 20.0, 41.0, 4.0, 64.0, 448.0, 0.0)
State 5: (50.0, 63.0, 0.05, 24.8, 10.0, 76.0, 1.0, 21.0, 10.0, 41.0, 0.5, 0.0, 0.15, 0.0, 0.2, 0.0, 0.1, 0.05, 39.3, 4.0, 448.0, 4.0, 65.4, 4.0, 64.0, 0.55, 0.45, 0.0, 0.0, 0.0, 0.0, 0.0, 0.0, 0.0, 0.0, 0.0, 0.0, 0.0, 0.0, 0.0, 0.1, 0.0, 1.0, 0.0, 0.4, 0.0, 0.0, 0.85, 0.0, 0.0, 0.0, 0.0, 0.0, 0.0, 0.15, 0.0, 0.0, 1.0, 0.0, 0.2, 0.0, 0.0, 1.0, 0.0, 0.0, 0.0, 0.0, 0.0, 0.0, 0.0, 1.0, 0.0, 0.7, 0.3, 0.0, 0.0, 0.0, 0.2, 0.5, 0.2, 0.0, 0.0, 0.0, 0.14, 0.16, 0.4, 0.16, 10.0, 20.0, 41.0, 4.0, 64.0, 448.0, 0.0)
