State Space Analysis Report
==========================

Number of unique states: 13
Average state representation length: 95.23 features
Range of Q-values: [-147.1240, 236.0856]
Average max Q-value: 34.7092

Top 10 preferred passes:
1. host-offloader: preferred in 3 states (23.08%)
2. dce: preferred in 2 states (15.38%)
3. constant_folding: preferred in 2 states (15.38%)
4. algsimp: preferred in 1 states (7.69%)
5. bfloat16-propagation: preferred in 1 states (7.69%)

Sample state representations:
State 1: (8.0, 7.0, 0.25, 48.4, 48.0, 77.0, 20.0, 18.6, 35.0, 55.0, 0.1, 0.0, 0.25, 0.4, 0.0, 0.0, 0.0, 0.25, 7.0, 4.0, 16.0, 4.0, 5.2, 4.0, 7.0, 0.75, 0.0, 0.0, 0.0, 0.0, 0.0, 0.0, 0.25, 0.4, 0.0, 1.0, 0.0, 0.4, 0.0, 1.0, 0.6, 0.0, 0.0, 0.0, 0.0, 0.0, 0.0, 0.4, 0.1, 0.0, 1.0, 0.0, 0.4, 0.0, 0.0, 0.9, 0.0, 0.0, 0.0, 0.0, 0.0, 0.0, 0.1, 0.1, 0.0, 1.0, 0.0, 0.4, 0.0, 0.0, 0.9, 0.0, 0.0, 0.0, 0.0, 0.0, 0.0, 0.1, 1.0, 0.0, 0.5, 0.4, 0.0, 0.0, 0.1, 0.2, 0.0, 0.6, 0.0, 0.1, 0.0, 0.5, 0.25, 0.0, 0.125, 48.0, 35.0, 20.0, 4.0, 16.0, 0.0, 1.0)
State 2: (7.0, 6.0, 0.3, 50.3, 48.0, 77.0, 20.0, 19.0, 41.6, 62.0, 0.15, 0.0, 0.15, 0.45, 0.0, 0.0, 0.0, 0.3, 7.4, 4.0, 16.0, 4.0, 5.4, 4.0, 10.0, 0.7, 0.0, 0.0, 0.0, 0.0, 0.0, 0.0, 0.3, 0.4, 0.0, 1.0, 0.0, 0.4, 0.0, 1.0, 0.55, 0.0, 0.0, 0.0, 0.0, 0.0, 0.0, 0.45, 0.1, 0.0, 1.0, 0.0, 0.4, 0.0, 0.0, 0.85, 0.0, 0.0, 0.0, 0.0, 0.0, 0.0, 0.15, 0.1, 0.0, 1.0, 0.0, 0.4, 0.0, 0.0, 0.85, 0.0, 0.0, 0.0, 0.0, 0.0, 0.0, 0.15, 1.0, 0.0, 0.6, 0.3, 0.0, 0.0, 0.1, 0.1, 0.0, 0.0, 0.0, 0.9, 0.0, 0.5714285714285714, 0.14285714285714285, 0.14285714285714285, 0.14285714285714285, 48.0, 20.0, 35.0, 4.0, 16.0, 0.0, 1.0)
State 3: (23.0, 30.0, 0.1, 28.1, 20.0, 76.0, 1.0, 21.6, 10.0, 41.0, 0.35, 0.0, 0.3, 0.0, 0.15, 0.05, 0.0, 0.15, 62.4, 64.0, 448.0, 4.0, 86.6, 4.0, 64.0, 0.3, 0.65, 0.0, 0.0, 0.0, 0.0, 0.0, 0.05, 0.0, 0.0, 0.0, 0.0, 0.0, 0.0, 0.0, 0.3, 0.0, 1.0, 0.0, 0.4, 0.0, 1.0, 0.7, 0.0, 0.0, 0.0, 0.0, 0.0, 0.0, 0.3, 0.0, 0.0, 1.0, 0.0, 0.2, 0.0, 0.0, 0.95, 0.0, 0.0, 0.0, 0.0, 0.0, 0.0, 0.05, 1.0, 0.0, 0.6, 0.3, 0.0, 0.0, 0.0, 0.1, 0.7, 0.1, 0.0, 0.1, 0.0, 0.30434782608695654, 0.08695652173913043, 0.13043478260869565, 0.34782608695652173, 10.0, 20.0, 41.0, 64.0, 4.0, 448.0, 0.0)
State 4: (21.0, 29.0, 0.15, 29.3, 20.0, 76.0, 1.0, 22.2, 10.0, 41.0, 0.35, 0.0, 0.3, 0.0, 0.2, 0.05, 0.0, 0.15, 65.1, 64.0, 448.0, 4.0, 89.8, 4.0, 64.0, 0.3, 0.65, 0.0, 0.0, 0.0, 0.0, 0.0, 0.05, 0.0, 0.0, 0.0, 0.0, 0.0, 0.0, 0.0, 0.3, 0.0, 1.0, 0.0, 0.4, 0.0, 1.0, 0.7, 0.0, 0.0, 0.0, 0.0, 0.0, 0.0, 0.3, 0.0, 0.0, 1.0, 0.0, 0.2, 0.0, 0.0, 0.95, 0.0, 0.0, 0.0, 0.0, 0.0, 0.0, 0.05, 1.0, 0.0, 0.6, 0.4, 0.0, 0.0, 0.0, 0.0, 0.7, 0.1, 0.0, 0.1, 0.0, 0.2857142857142857, 0.047619047619047616, 0.14285714285714285, 0.38095238095238093, 10.0, 20.0, 41.0, 64.0, 4.0, 448.0, 0.0)
State 5: (56.0, 69.0, 0.05, 24.9, 10.0, 76.0, 1.0, 21.0, 10.0, 41.0, 0.55, 0.0, 0.1, 0.0, 0.15, 0.0, 0.1, 0.05, 35.5, 4.0, 448.0, 4.0, 62.8, 4.0, 64.0, 0.6, 0.4, 0.0, 0.0, 0.0, 0.0, 0.0, 0.0, 0.0, 0.0, 0.0, 0.0, 0.0, 0.0, 0.0, 0.1, 0.0, 1.0, 0.0, 0.4, 0.0, 0.0, 0.9, 0.0, 0.0, 0.0, 0.0, 0.0, 0.0, 0.1, 0.0, 0.0, 1.0, 0.0, 0.2, 0.0, 0.0, 1.0, 0.0, 0.0, 0.0, 0.0, 0.0, 0.0, 0.0, 1.0, 0.0, 0.7, 0.2, 0.0, 0.0, 0.0, 0.8, 0.1, 0.0, 0.1, 0.0, 0.0, 0.125, 0.14285714285714285, 0.5535714285714286, 0.14285714285714285, 10.0, 20.0, 41.0, 4.0, 64.0, 448.0, 0.0)
