State Space Analysis Report
==========================

Number of unique states: 41
Average state representation length: 95.22 features
Range of Q-values: [-142.8752, 8.4128]
Average max Q-value: 0.2052

Top 10 preferred passes:
1. dce: preferred in 1 states (2.44%)

Sample state representations:
State 1: (8.0, 7.0, 0.25, 48.4, 48.0, 77.0, 20.0, 18.6, 35.0, 55.0, 0.1, 0.0, 0.25, 0.4, 0.0, 0.0, 0.0, 0.25, 7.0, 4.0, 16.0, 4.0, 5.2, 4.0, 7.0, 0.75, 0.0, 0.0, 0.0, 0.0, 0.0, 0.0, 0.25, 0.4, 0.0, 1.0, 0.0, 0.4, 0.0, 1.0, 0.6, 0.0, 0.0, 0.0, 0.0, 0.0, 0.0, 0.4, 0.1, 0.0, 1.0, 0.0, 0.4, 0.0, 0.0, 0.9, 0.0, 0.0, 0.0, 0.0, 0.0, 0.0, 0.1, 0.1, 0.0, 1.0, 0.0, 0.4, 0.0, 0.0, 0.9, 0.0, 0.0, 0.0, 0.0, 0.0, 0.0, 0.1, 1.0, 0.0, 0.5, 0.4, 0.0, 0.0, 0.1, 0.2, 0.0, 0.6, 0.0, 0.1, 0.0, 0.5, 0.25, 0.0, 0.125, 48.0, 35.0, 20.0, 4.0, 16.0, 0.0, 1.0)
State 2: (23.0, 30.0, 0.1, 28.1, 20.0, 76.0, 1.0, 21.6, 10.0, 41.0, 0.35, 0.0, 0.3, 0.0, 0.15, 0.05, 0.0, 0.15, 62.4, 64.0, 448.0, 4.0, 86.6, 4.0, 64.0, 0.3, 0.65, 0.0, 0.0, 0.0, 0.0, 0.0, 0.05, 0.0, 0.0, 0.0, 0.0, 0.0, 0.0, 0.0, 0.3, 0.0, 1.0, 0.0, 0.4, 0.0, 1.0, 0.7, 0.0, 0.0, 0.0, 0.0, 0.0, 0.0, 0.3, 0.0, 0.0, 1.0, 0.0, 0.2, 0.0, 0.0, 0.95, 0.0, 0.0, 0.0, 0.0, 0.0, 0.0, 0.05, 1.0, 0.0, 0.6, 0.3, 0.0, 0.0, 0.0, 0.1, 0.7, 0.1, 0.0, 0.1, 0.0, 0.30434782608695654, 0.08695652173913043, 0.13043478260869565, 0.34782608695652173, 10.0, 20.0, 41.0, 64.0, 4.0, 448.0, 0.0)
State 3: (26.0, 37.0, 0.1, 30.0, 20.0, 76.0, 1.0, 23.4, 10.0, 48.4, 0.35, 0.0, 0.25, 0.0, 0.1, 0.1, 0.0, 0.15, 250.0, 250.0, 2300.0, 0.0, 422.2, 67.0, 256.0, 0.95, 0.0, 0.0, 0.0, 0.0, 0.0, 0.0, 0.05, 0.0, 0.0, 0.0, 0.0, 0.0, 0.0, 0.0, 0.3, 0.0, 1.0, 0.0, 0.4, 0.0, 0.8, 0.75, 0.0, 0.0, 0.0, 0.0, 0.0, 0.0, 0.25, 0.0, 0.0, 1.0, 0.0, 0.2, 0.0, 0.0, 0.95, 0.0, 0.0, 0.0, 0.0, 0.0, 0.0, 0.05, 1.0, 0.0, 0.6, 0.4, 0.0, 0.0, 0.0, 0.0, 0.7, 0.2, 0.0, 0.0, 0.0, 0.2692307692307692, 0.038461538461538464, 0.15384615384615385, 0.38461538461538464, 10.0, 20.0, 41.0, 256.0, 4.0, 2304.0, 0.0)
State 4: (28.0, 41.0, 0.1, 28.5, 20.0, 76.0, 1.0, 20.0, 10.0, 41.0, 0.3, 0.0, 0.25, 0.0, 0.25, 0.1, 0.0, 0.05, 63.1, 60.0, 540.0, 4.0, 94.8, 46.0, 60.0, 0.95, 0.0, 0.0, 0.0, 0.0, 0.0, 0.0, 0.05, 0.0, 0.0, 0.0, 0.0, 0.0, 0.0, 0.0, 0.2, 0.0, 1.0, 0.0, 0.4, 0.0, 0.2, 0.75, 0.0, 0.0, 0.0, 0.0, 0.0, 0.0, 0.25, 0.0, 0.0, 1.0, 0.0, 0.2, 0.0, 0.0, 0.95, 0.0, 0.0, 0.0, 0.0, 0.0, 0.0, 0.05, 1.0, 0.0, 0.5, 0.4, 0.0, 0.0, 0.0, 0.1, 0.5, 0.2, 0.0, 0.1, 0.0, 0.25, 0.14285714285714285, 0.03571428571428571, 0.42857142857142855, 10.0, 20.0, 41.0, 60.0, 4.0, 540.0, 0.0)
State 5: (22.0, 37.0, 0.15, 31.0, 20.0, 76.0, 1.0, 25.2, 10.0, 48.4, 0.35, 0.0, 0.2, 0.0, 0.2, 0.1, 0.0, 0.2, 73.5, 64.0, 512.0, 4.0, 98.4, 64.0, 64.0, 0.95, 0.0, 0.0, 0.0, 0.0, 0.0, 0.0, 0.05, 0.0, 0.0, 0.0, 0.0, 0.0, 0.0, 0.0, 0.2, 0.0, 1.0, 0.0, 0.4, 0.0, 0.0, 0.8, 0.0, 0.0, 0.0, 0.0, 0.0, 0.0, 0.2, 0.0, 0.0, 1.0, 0.0, 0.2, 0.0, 0.0, 0.95, 0.0, 0.0, 0.0, 0.0, 0.0, 0.0, 0.05, 1.0, 0.0, 0.4, 0.5, 0.0, 0.0, 0.0, 0.9, 0.0, 0.0, 0.0, 0.1, 0.0, 0.18181818181818182, 0.045454545454545456, 0.09090909090909091, 0.5454545454545454, 1.0, 10.0, 20.0, 64.0, 4.0, 512.0, 0.0)
